--------------------------------------------------------------------------------------------
Summary for CEPP with n* = 800
--------------------------------------------------------------------------------------------
  nregions max_dist    cases   ex  rr stat     p
1        1        0 24.43509 10.4 2.3 24.4 0.002
2        1        0 22.33724 10.4 2.1 22.3 0.002
--------------------------------------------------------------------------------------------

--------------------------------------------------------------------------------------------
Summary for CEPP with n* = 1500
--------------------------------------------------------------------------------------------
  nregions max_dist    cases   ex  rr stat     p
1        1      0.0 45.81579 19.6 2.3 45.8 0.002
2        1      0.0 41.88232 19.6 2.1 41.9 0.002
3        1      0.0 37.06115 19.6 1.9 37.1 0.002
4        1      0.0 35.31824 19.6 1.8 35.3 0.004
5        1      0.0 34.76140 19.6 1.8 34.8 0.004
6        1      0.0 33.98947 19.6 1.7 34.0 0.006
7        1      0.0 33.62369 19.6 1.7 33.6 0.006
8        2      0.6 33.15334 19.6 1.7 33.2 0.006
--------------------------------------------------------------------------------------------

--------------------------------------------------------------------------------------------
Summary for CEPP with n* = 4000
--------------------------------------------------------------------------------------------
   nregions max_dist     cases   ex  rr  stat     p
1         1      0.0 122.17543 52.2 2.3 122.2 0.002
2         1      0.0 111.68619 52.2 2.1 111.7 0.002
3         1      0.0  98.82974 52.2 1.9  98.8 0.002
4         1      0.0  94.18198 52.2 1.8  94.2 0.002
5         1      0.0  92.69706 52.2 1.8  92.7 0.002
6         1      0.0  90.63859 52.2 1.7  90.6 0.002
7         1      0.0  89.66316 52.2 1.7  89.7 0.002
8         1      0.0  83.57313 52.2 1.6  83.6 0.002
9         1      0.0  77.87451 52.2 1.5  77.9 0.004
10        2      0.6  75.53699 52.2 1.4  75.5 0.008
--------------------------------------------------------------------------------------------

--------------------------------------------------------------------------------------------
Summary for CEPP with n* = 10000
--------------------------------------------------------------------------------------------
   nregions max_dist    cases    ex  rr  stat     p
1         1      0.0 305.4386 130.6 2.3 305.4 0.002
2         1      0.0 247.0744 130.6 1.9 247.1 0.002
3         2      0.5 239.5007 130.6 1.8 239.5 0.002
4         1      0.0 235.4550 130.6 1.8 235.5 0.002
5         1      0.0 226.5965 130.6 1.7 226.6 0.002
6         1      0.0 224.1579 130.6 1.7 224.2 0.002
7         2      0.5 218.9916 130.6 1.7 219.0 0.002
8         2      0.3 183.3985 130.6 1.4 183.4 0.002
9         1      0.0 178.3543 130.6 1.4 178.4 0.002
10        2      0.6 177.2577 130.6 1.4 177.3 0.002
--------------------------------------------------------------------------------------------

--------------------------------------------------------------------------------------------
Summary for CEPP with n* = 50000
--------------------------------------------------------------------------------------------
  nregions max_dist     cases    ex  rr   stat     p
1        2      0.5 1333.7797 652.9 2.1 1333.8 0.002
2        3      1.1 1051.4127 652.9 1.6 1051.4 0.002
3        4      1.2 1022.6735 652.9 1.6 1022.7 0.002
4        2      0.7  777.9759 652.9 1.2  778.0 0.002
5        1      0.0  773.5559 652.9 1.2  773.6 0.002
--------------------------------------------------------------------------------------------

--------------------------------------------------------------------------------------------
Summary for CEPP with n* = 1e+05
--------------------------------------------------------------------------------------------
  nregions max_dist    cases     ex  rr   stat     p
1        4      0.9 2550.749 1305.7 2.0 2550.7 0.002
2        4      1.3 2077.955 1305.7 1.6 2078.0 0.002
3        2      0.7 1533.810 1305.7 1.2 1533.8 0.002
4        8      1.6 1511.490 1305.7 1.2 1511.5 0.002
5        1      0.0 1459.932 1305.7 1.1 1459.9 0.002
6        1      0.0 1446.990 1305.7 1.1 1447.0 0.002
--------------------------------------------------------------------------------------------

--------------------------------------------------------------------------------------------
Summary for CEPP with n* = 5e+05
--------------------------------------------------------------------------------------------
  nregions max_dist    cases     ex  rr   stat     p
1       19      3.4 9006.130 6528.6 1.4 9006.1 0.002
2        1      0.0 7299.659 6528.6 1.1 7299.7 0.002
3        3      0.7 7211.526 6528.6 1.1 7211.5 0.002
4        3      0.4 6918.584 6528.6 1.1 6918.6 0.002
--------------------------------------------------------------------------------------------

--------------------------------------------------------------------------------------------
Summary for CEPP with n* = 8e+05
--------------------------------------------------------------------------------------------
  nregions max_dist    cases      ex  rr    stat     p
1       28      4.6 13045.55 10445.7 1.3 13045.5 0.002
2        3      0.4 11417.53 10445.7 1.1 11417.5 0.002
3        3      0.7 10827.92 10445.7 1.0 10827.9 0.002
--------------------------------------------------------------------------------------------

--------------------------------------------------------------------------------------------
Summary for CEPP with n* = 1e+06
--------------------------------------------------------------------------------------------
  nregions max_dist    cases      ex  rr    stat     p
1       28      4.6 15714.27 13057.2 1.3 15714.3 0.002
2        3      0.4 14174.72 13057.2 1.1 14174.7 0.002
--------------------------------------------------------------------------------------------

--------------------------------------------------------------------------------------------
Summary for CEPP with n* = 3e+06
--------------------------------------------------------------------------------------------
  nregions max_dist    cases      ex  rr    stat     p
1       37      4.6 42238.42 39171.5 1.2 42238.4 0.002
--------------------------------------------------------------------------------------------

