--------------------------------------------------------------------------------------------
Summary for spatial scan statistic
--------------------------------------------------------------------------------------------
  nregions max_dist cases     ex  rr  stat     p
1       10      2.3  5311 3057.2 1.8 714.4 0.001
2        1      0.0 10404 9305.0 1.1  71.6 0.001
3        2      0.7  5759 4955.3 1.2  66.5 0.001
4        6      1.5  1150  942.0 1.2  21.7 0.001
5        3      0.4  8176 7719.5 1.1  14.8 0.001
6        1      0.0   308  225.5 1.4  13.6 0.001
7        1      0.0  2294 2070.0 1.1  12.0 0.001
--------------------------------------------------------------------------------------------

